-------------------------------------------------------
Missing Results: door_10_phone_14_light_1_screen_29_9406
-------------------------------------------------------
Processing Results: door_11_9406
        3081        3103        3193
results =
  1.0e+003 *
    3.1030    3.0990    3.1170
    3.1110    3.1010    3.1170
    0.0050    0.0060    0.0030
    0.0006    0.0003    0.0002
-------------------------------------------------------
Processing Results: door_12_light_2_9406
   140   193   220   261   308
results =
  207.0000  200.0000
  266.0000  203.0000
    4.0000    6.0000
    0.9962    0.2289
-------------------------------------------------------
Processing Results: door_13_light_3_9406
   296   326   348   372
results =
  341.0000  356.0000  333.0000  355.0000
  354.0000  368.0000  340.0000  355.0000
    5.0000    1.0000    6.0000    2.0000
    0.9652    0.4767    0.6210    0.1672
-------------------------------------------------------
Processing Results: door_15_9406
   150   215   237
results =
  151.0000  223.0000  234.0000  221.0000  150.0000
  203.0000  233.0000  237.0000  222.0000  150.0000
    3.0000    6.0000    5.0000    7.0000    7.0000
    0.9812    0.5930    0.4436    0.1919    0.1604
-------------------------------------------------------
Processing Results: door_1_8145
   261   314   349
results =
  320.0000  347.0000
  346.0000  349.0000
    5.0000    1.0000
    0.7864    0.2903
-------------------------------------------------------
Processing Results: door_2_8145
        1165        1204        1243
results =
  1.0e+003 *
    1.1650    1.1830
    1.1820    1.1970
    0.0060    0.0050
    0.0010    0.0009
-------------------------------------------------------
Processing Results: door_4_trash_1_8145
        1320        1376        1407        1433
results =
  1.0e+003 *
    1.3900
    1.4330
    0.0050
    0.0010
-------------------------------------------------------
Processing Results: door_5_8145
        1895        1977
results =
  1.0e+003 *
    1.8990    1.8950    1.9660
    1.9630    1.8980    1.9660
    0.0050    0.0070    0.0020
    0.0010    0.0003    0.0002
-------------------------------------------------------
Processing Results: door_6_8145
        1242        1300        1337
results =
  1.0e+003 *
    1.2550    1.2450    1.2420    1.2740
    1.2730    1.2540    1.2440    1.2740
    0.0050    0.0060    0.0050    0.0060
    0.0010    0.0007    0.0003    0.0002
-------------------------------------------------------
Processing Results: door_7_8145
        1350        1407        1550
results =
  1.0e+003 *
    1.5000
    1.5500
    0.0050
    0.0010
-------------------------------------------------------
Processing Results: door_8_doorlock_3_8145
   492   593   633   720
results =
  578.0000  500.0000  492.0000  652.0000  572.0000
  651.0000  570.0000  499.0000  658.0000  577.0000
    5.0000    5.0000    4.0000    5.0000    5.0000
    1.0000    1.0000    0.3434    0.2850    0.8443
-------------------------------------------------------
Processing Results: door_9_8145
   703   762   809
results =
  765.0000
  809.0000
    5.0000
    0.9981
-------------------------------------------------------
Processing Results: doorlock_1_door_3_8145
         814         940         986        1047
results =
  891.0000  814.0000  971.0000  980.0000  969.0000
  968.0000  890.0000  979.0000  983.0000  970.0000
    5.0000    6.0000    2.0000    7.0000    7.0000
    0.9999    0.9827    0.4724    0.2366    0.1982
-------------------------------------------------------
Processing Results: doorlock_2_8145
         814         959        1053        1433        1926        1977
results =
  1.0e+003 *
    1.5770    1.4790    1.3900    0.8910    0.8140    0.9710    0.9800    0.9690
    1.9660    1.5760    1.4780    0.9680    0.8900    0.9790    0.9830    0.9700
    0.0070    0.0070    0.0050    0.0050    0.0060    0.0020    0.0070    0.0070
    0.0010    0.0010    0.0010    0.0010    0.0010    0.0005    0.0002    0.0002
-------------------------------------------------------
Processing Results: light_10_9404
        2470        2525
results =
  1.0e+003 *
    2.4760
    2.5250
    0.0060
    0.0009
-------------------------------------------------------
Processing Results: light_5_9406
   234   288
results =
  235.0000  234.0000
  288.0000  234.0000
    4.0000    1.0000
    0.9643    0.2015
-------------------------------------------------------
Processing Results: light_6_9404
   235   329
results =
  235.0000  296.0000  281.0000  328.0000
  280.0000  327.0000  295.0000  329.0000
    4.0000    2.0000    5.0000    6.0000
    1.0000    0.8230    0.4957    0.2024
-------------------------------------------------------
Processing Results: light_7_9404
   204   269
results =
  206.0000  204.0000
  269.0000  205.0000
    4.0000    2.0000
    1.0000    0.2283
-------------------------------------------------------
Processing Results: light_8_screen_50_9404
   279   352   526
results =
  290.0000  279.0000  516.0000
  515.0000  289.0000  526.0000
    2.0000    4.0000    7.0000
    1.0000    0.7036    0.4481
-------------------------------------------------------
Processing Results: light_9_screen_57_9404
        2311        2442
results =
  1.0e+003 *
    2.3610    2.3110    2.3420
    2.4420    2.3410    2.3420
    0.0050    0.0070    0.0020
    0.0010    0.0007    0.0002
-------------------------------------------------------
Processing Results: phone_13_screen_27_lounge
        2627        2793
results =
  1.0e+003 *
    2.6860    2.6270    2.6820
    2.7860    2.6780    2.6850
    0.0020    0.0060    0.0040
    0.0010    0.0010    0.0004
-------------------------------------------------------
Processing Results: phone_16_9406
        1350        1658        1887
results =
  1.0e+003 *
    1.7980    1.5110    1.5920    1.4310    1.6890    1.7440    1.3500    1.4010    1.6730    1.7430
    1.8870    1.5910    1.6720    1.5100    1.7420    1.7970    1.4000    1.4300    1.6880    1.7430
    0.0060    0.0030    0.0030    0.0030    0.0070    0.0030    0.0060    0.0030    0.0070    0.0070
    0.0010    0.0010    0.0010    0.0010    0.0009    0.0010    0.0010    0.0009    0.0005    0.0002
-------------------------------------------------------
Processing Results: phone_1_8145
         894        1036        1184
results =
  1.0e+003 *
    0.8940    1.1640    1.1830
    1.1630    1.1820    1.1840
    0.0020    0.0060    0.0050
    0.0010    0.0010    0.0002
-------------------------------------------------------
Processing Results: phone_20_screen_53_9404
         991        1125        1241        1309
results =
  1.0e+003 *
    1.0270    0.9910    1.2790    1.2710    1.2700
    1.2690    1.0260    1.3090    1.2780    1.2700
    0.0030    0.0070    0.0070    0.0010    0.0020
    0.0010    0.0007    0.0006    0.0004    0.0002
-------------------------------------------------------
Processing Results: phone_24_screen_65_9404
        1506        1680        1960
results =
  1.0e+003 *
    1.5400    1.5110
    1.9600    1.5390
    0.0020    0.0070
    0.0010    0.0010
-------------------------------------------------------
Processing Results: phone_25_screen_67_9404
        1200        1396        1553
results =
  1.0e+003 *
    1.2000    1.4070    1.3720    1.5520
    1.3710    1.5510    1.4060    1.5530
    0.0020    0.0070    0.0010    0.0010
    0.0010    0.0010    0.0004    0.0002
-------------------------------------------------------
Processing Results: phone_2_8145
        1422        1517        1732
results =
  1.0e+003 *
    1.5870    1.4910    1.4220    1.6990    1.5600    1.4790    1.6940
    1.6930    1.5590    1.4780    1.7320    1.5860    1.4900    1.6980
    0.0060    0.0070    0.0050    0.0050    0.0070    0.0020    0.0040
    0.0010    0.0010    0.0010    0.0009    0.0009    0.0007    0.0002
-------------------------------------------------------
Processing Results: phone_3_8145
         594         910        1162
results =
  1.0e+003 *
    0.6390    1.0360    0.5940
    1.0350    1.1610    0.6380
    0.0070    0.0070    0.0010
    0.0010    0.0010    0.0010
-------------------------------------------------------
Processing Results: phone_4_8145
        1346        1585        1831
results =
  1.0e+003 *
    1.4210    1.3520    1.8140    1.3460    1.4110    1.8280
    1.8080    1.4080    1.8270    1.3510    1.4140    1.8310
    0.0060    0.0070    0.0070    0.0060    0.0060    0.0020
    0.0010    0.0010    0.0005    0.0004    0.0004    0.0003
-------------------------------------------------------
Processing Results: screen_10_lounge
        2934        3072
results =
  1.0e+003 *
    2.9360    3.0320    2.9340
    3.0310    3.0720    2.9350
    0.0070    0.0070    0.0070
    0.0010    0.0010    0.0004
-------------------------------------------------------
Processing Results: screen_12_lounge
        3840        3987
results =
  1.0e+003 *
    3.8520    3.9410    3.8400
    3.9400    3.9870    3.8510
    0.0070    0.0070    0.0070
    0.0010    0.0010    0.0010
-------------------------------------------------------
Processing Results: screen_13_lounge
        4100        4172
results =
  1.0e+003 *
    4.1000
    4.1440
    0.0060
    0.0004
-------------------------------------------------------
Processing Results: screen_14_phone_8_lounge
        4240        4391        4619
results =
  1.0e+003 *
    4.4460    4.2750    4.2400    4.6140    4.4290
    4.6080    4.4280    4.2740    4.6190    4.4290
    0.0070    0.0040    0.0020    0.0050    0.0060
    0.0010    0.0010    0.0003    0.0002    0.0002
-------------------------------------------------------
Processing Results: screen_15_lounge
   324   400
results =
  361.0000  346.0000
  400.0000  360.0000
    7.0000    5.0000
    0.9999    0.3781
-------------------------------------------------------
Processing Results: screen_16_phone_9_lounge
        2167        2283        2646
results =
  1.0e+003 *
    2.2360    2.5600    2.3670    2.4740    2.1670    2.3250    2.4480    2.5540    2.6430
    2.3240    2.6420    2.4470    2.5530    2.2350    2.3660    2.4730    2.5590    2.6460
    0.0070    0.0070    0.0070    0.0070    0.0070    0.0070    0.0070    0.0070    0.0070
    0.0010    0.0010    0.0010    0.0010    0.0010    0.0010    0.0010    0.0006    0.0005
-------------------------------------------------------
Processing Results: screen_17_trash_5_lounge
        2619        2745
results =
  1.0e+003 *
    2.6190    2.7310
    2.7080    2.7450
    0.0070    0.0060
    0.0010    0.0009
-------------------------------------------------------
Processing Results: screen_18_lounge
        3000        3288
results =
  1.0e+003 *
    3.0000    3.0400    3.2770    3.0530
    3.0390    3.0520    3.2880    3.0570
    0.0070    0.0060    0.0020    0.0070
    0.0009    0.0006    0.0004    0.0004
-------------------------------------------------------
Processing Results: screen_19_lounge
   321   465
results =
  393.0000  351.0000
  465.0000  392.0000
    7.0000    6.0000
    1.0000    0.9794
-------------------------------------------------------
Processing Results: screen_1_lounge
         192         348        1017
results =
  1.0e+003 *
  Columns 1 through 11
    0.8890    0.9530    0.8090    0.7340    0.5940    0.6770    0.5260    0.2870    0.4420    0.3890    0.3420
    0.9520    1.0160    0.8670    0.7910    0.6500    0.7330    0.5810    0.3410    0.4950    0.4410    0.3880
    0.0070    0.0070    0.0070    0.0070    0.0070    0.0070    0.0070    0.0070    0.0070    0.0070    0.0070
    0.0010    0.0010    0.0010    0.0010    0.0010    0.0010    0.0010    0.0010    0.0010    0.0010    0.0010
  Columns 12 through 19
    0.2500    0.4960    0.6510    0.8680    0.7920    0.5820    0.2460    1.0170
    0.2860    0.5250    0.6760    0.8880    0.8080    0.5930    0.2490    1.0170
    0.0070    0.0070    0.0070    0.0070    0.0070    0.0070    0.0010    0.0020
    0.0010    0.0010    0.0010    0.0010    0.0010    0.0010    0.0002    0.0002
-------------------------------------------------------
Missing Results: screen_20_lounge
-------------------------------------------------------
Processing Results: screen_21_phone_10_lounge
        2040        2133        2213
results =
  1.0e+003 *
    2.1070    2.0400    2.1510    2.0790    2.1810    2.1000
    2.1480    2.0780    2.1800    2.0990    2.1990    2.1060
    0.0050    0.0070    0.0030    0.0040    0.0050    0.0070
    0.0010    0.0010    0.0010    0.0009    0.0003    0.0006
-------------------------------------------------------
Processing Results: screen_23_lounge
        3107        3165
results =
  1.0e+003 *
    3.1070    3.1650
    3.1640    3.1650
    0.0070    0.0070
    0.0010    0.0002
-------------------------------------------------------
Processing Results: screen_24_lounge
   253   366
results =
  292.0000  281.0000
  366.0000  291.0000
    7.0000    5.0000
    1.0000    0.5587
-------------------------------------------------------
Processing Results: screen_25_lounge
   761   811
results =
  762.0000  761.0000
  811.0000  761.0000
    7.0000    7.0000
    1.0000    0.2329
-------------------------------------------------------
Processing Results: screen_26_phone_12_lounge
        1800        1923        2209
results =
  1.0e+003 *
    1.8140    1.8000
    2.2090    1.8080
    0.0030    0.0060
    0.0010    0.0003
-------------------------------------------------------
Missing Results: screen_28_9406
-------------------------------------------------------
Processing Results: screen_2_lounge
        1207        1310        1555
results =
  1.0e+003 *
    1.2410    1.2220
    1.5550    1.2400
    0.0070    0.0060
    0.0010    0.0010
-------------------------------------------------------
Processing Results: screen_30_9406
   703   880
results =
  767.0000  811.0000  703.0000  855.0000  743.0000
  810.0000  854.0000  742.0000  880.0000  766.0000
    7.0000    7.0000    7.0000    7.0000    7.0000
    1.0000    1.0000    1.0000    1.0000    1.0000
-------------------------------------------------------
Processing Results: screen_31_9406
         894        1049
results =
  1.0e+003 *
    0.9560    0.9110    1.0180    0.8940    1.0020
    1.0010    0.9550    1.0490    0.9100    1.0040
    0.0060    0.0040    0.0070    0.0040    0.0040
    0.0010    0.0008    0.0010    0.0004    0.0002
-------------------------------------------------------
Processing Results: screen_32_9406
        1270        1419
results =
   Empty matrix: 4-by-0
-------------------------------------------------------
Missing Results: screen_33_9406
-------------------------------------------------------
Missing Results: screen_34_phone_15_9406
-------------------------------------------------------
Processing Results: screen_35_9406
   367   454
results =
  401.0000  367.0000
  454.0000  400.0000
    7.0000    5.0000
    1.0000    0.9937
-------------------------------------------------------
Processing Results: screen_36_9406
   494   647
results =
  605.0000  499.0000  529.0000  559.0000  494.0000
  647.0000  528.0000  558.0000  570.0000  498.0000
    7.0000    7.0000    7.0000    7.0000    7.0000
    0.9982    1.0000    1.0000    0.8322    0.9937
-------------------------------------------------------
Processing Results: screen_37_door_14_light_4_9406
     1    59    95   136
results =
   43.0000   41.0000
  136.0000   42.0000
    6.0000    7.0000
    0.9944    0.1982
-------------------------------------------------------
Processing Results: screen_38_9406
   278   437
results =
  278.0000  385.0000  354.0000  435.0000
  352.0000  434.0000  384.0000  437.0000
    5.0000    7.0000    2.0000    7.0000
    0.9990    1.0000    0.8876    0.6471
-------------------------------------------------------
Processing Results: screen_39_9406
   526   591
results =
  526.0000  591.0000
  590.0000  591.0000
    7.0000    7.0000
    1.0000    0.2875
-------------------------------------------------------
Processing Results: screen_3_phone_5_lounge
        1563        1659        1805
results =
  1.0e+003 *
    1.6240    1.5630    1.7770
    1.7760    1.6230    1.8050
    0.0030    0.0070    0.0070
    0.0010    0.0010    0.0009
-------------------------------------------------------
Processing Results: screen_40_9406
        1074        1230
results =
  1.0e+003 *
    1.0840    1.2040    1.0740    1.1990
    1.1980    1.2270    1.0830    1.1990
    0.0020    0.0030    0.0060    0.0060
    0.0010    0.0009    0.0004    0.0002
-------------------------------------------------------
Processing Results: screen_41_9406
        1926        1990
results =
  1.0e+003 *
    1.9320
    1.9900
    0.0060
    0.0010
-------------------------------------------------------
Processing Results: screen_42_9404
   306   524
results =
  393.0000  306.0000  381.0000  389.0000
  524.0000  380.0000  388.0000  392.0000
    3.0000    2.0000    6.0000    7.0000
    1.0000    0.9958    0.2720    0.2365
-------------------------------------------------------
Processing Results: screen_44_9404
        1401        1512
results =
  1.0e+003 *
    1.4010    1.5120
    1.5110    1.5120
    0.0070    0.0070
    0.0010    0.0002
-------------------------------------------------------
Processing Results: screen_45_trash_8_9404
        1490        1659        1707
results =
  1.0e+003 *
    1.4900    1.7060
    1.7050    1.7070
    0.0070    0.0030
    0.0010    0.0002
-------------------------------------------------------
Processing Results: screen_46_9404
        1857        1892
results =
  1.0e+003 *
    1.8570    1.8920
    1.8910    1.8920
    0.0030    0.0030
    0.0010    0.0002
-------------------------------------------------------
Processing Results: screen_47_water_8_phone_18_9404
        1952        2141        2210        2461        2610
results =
  1.0e+003 *
    2.2810    1.9950    2.1510    2.4170    2.5400    1.9520    2.1280
    2.4150    2.1270    2.2800    2.5390    2.6100    1.9940    2.1500
    0.0030    0.0030    0.0030    0.0030    0.0070    0.0030    0.0030
    0.0010    0.0010    0.0010    0.0010    0.0010    0.0009    0.0009
-------------------------------------------------------
Processing Results: screen_49_9404
        3975        4055
results =
  1.0e+003 *
    4.0020    3.9750
    4.0550    4.0010
    0.0070    0.0020
    0.0010    0.0006
-------------------------------------------------------
Processing Results: screen_4_phone_6_lounge
        2925        3237        3491
results =
  1.0e+003 *
    2.9840    3.3680    2.9280    3.4280    2.9250    2.9800
    3.3670    3.4270    2.9790    3.4750    2.9270    2.9820
    0.0070    0.0020    0.0020    0.0060    0.0060    0.0060
    0.0010    0.0010    0.0009    0.0002    0.0003    0.0004
-------------------------------------------------------
Processing Results: screen_51_9404
   527   617
results =
  544.0000  528.0000
  617.0000  543.0000
    7.0000    1.0000
    0.9182    0.5421
-------------------------------------------------------
Processing Results: screen_58_9404
   192   600
results =
  306.0000  234.0000  192.0000  564.0000
  563.0000  305.0000  233.0000  600.0000
    2.0000    5.0000    2.0000    1.0000
    1.0000    1.0000    0.9976    0.9900
-------------------------------------------------------
Processing Results: screen_5_lounge
        3492        3694
results =
  1.0e+003 *
    3.5810
    3.6940
    0.0050
    0.0002
-------------------------------------------------------
Processing Results: screen_61_9404
        1784        1839
results =
  1.0e+003 *
    1.8110    1.7840
    1.8390    1.8100
    0.0020    0.0010
    0.0009    0.0004
-------------------------------------------------------
Processing Results: screen_63_9404
   252   500
results =
  258.0000  454.0000  252.0000
  453.0000  500.0000  257.0000
    1.0000    5.0000    2.0000
    1.0000    0.8652    0.5648
-------------------------------------------------------
Processing Results: screen_6_lounge
        4250        4443
results =
  1.0e+003 *
    4.2610
    4.4430
    0.0060
    0.0006
-------------------------------------------------------
Processing Results: screen_7_lounge
   161   321
results =
  224.0000  195.0000
  321.0000  223.0000
    7.0000    6.0000
    1.0000    0.7138
-------------------------------------------------------
Processing Results: screen_8_lounge
        1680        1816
results =
  1.0e+003 *
    1.6810    1.6800
    1.8160    1.6800
    0.0070    0.0070
    0.0010    0.0002
-------------------------------------------------------
Processing Results: screen_9_phone_7_lounge
        2300        2498        2725
results =
  1.0e+003 *
    2.3630    2.6340    2.3260    2.3000    2.3550    2.6260    2.7240    2.6190
    2.5380    2.7230    2.3540    2.3250    2.3620    2.6330    2.7250    2.6190
    0.0070    0.0070    0.0070    0.0060    0.0060    0.0060    0.0060    0.0020
    0.0010    0.0010    0.0009    0.0008    0.0007    0.0004    0.0002    0.0002
-------------------------------------------------------
Processing Results: trash_10_phone_19_9404
        3663        3764        3858        3990
results =
  1.0e+003 *
    3.7260    3.6630    3.9250    3.9080    3.9800    3.9890    3.9070
    3.9060    3.7250    3.9790    3.9240    3.9880    3.9900    3.9070
    0.0030    0.0030    0.0060    0.0020    0.0050    0.0020    0.0030
    0.0010    0.0010    0.0010    0.0007    0.0005    0.0002    0.0002
-------------------------------------------------------
Processing Results: trash_11_screen_56_9404
        2013        2277
results =
  1.0e+003 *
    2.0710    2.0130
    2.2770    2.0700
    0.0020    0.0070
    0.0010    0.0010
-------------------------------------------------------
Processing Results: trash_2_8145
        1822        1955
results =
  1.0e+003 *
    1.8490    1.8220    1.9170    1.9380    1.9330    1.9500
    1.9160    1.8470    1.9320    1.9490    1.9370    1.9500
    0.0060    0.0020    0.0040    0.0020    0.0050    0.0050
    0.0010    0.0009    0.0007    0.0003    0.0002    0.0002
-------------------------------------------------------
Processing Results: trash_3_lounge
        4450        4577
results =
  1.0e+003 *
    4.4500    4.5360    4.5640    4.5290    4.5330
    4.5280    4.5630    4.5750    4.5320    4.5350
    0.0060    0.0050    0.0060    0.0070    0.0020
    0.0010    0.0010    0.0004    0.0003    0.0003
-------------------------------------------------------
Processing Results: trash_4_screen_11_lounge
        3200        3518
results =
  1.0e+003 *
    3.2000    3.3860    3.5160
    3.3850    3.5150    3.5180
    0.0070    0.0060    0.0040
    0.0010    0.0010    0.0002
-------------------------------------------------------
Missing Results: trash_6_phone_11_screen_22_lounge
-------------------------------------------------------
Processing Results: trash_7_9406
        1840        1925
results =
  1.0e+003 *
    1.8420    1.8990    1.8910
    1.8900    1.9250    1.8980
    0.0060    0.0050    0.0070
    0.0010    0.0010    0.0004
-------------------------------------------------------
Processing Results: water_10_screen_52_9404
   655   864
results =
  656.0000  655.0000
  864.0000  655.0000
    7.0000    3.0000
    1.0000    0.1693
-------------------------------------------------------
Processing Results: water_11_screen_54_9404
        1354        1638
results =
  1.0e+003 *
    1.3540    1.5650    1.6100
    1.5640    1.6090    1.6380
    0.0070    0.0030    0.0070
    0.0010    0.0009    0.0006
-------------------------------------------------------
Processing Results: water_12_phone_21_screen_59_9404
         621         767         834         971        1108        1162
results =
  658.0000  621.0000
  999.0000  657.0000
    2.0000    1.0000
    1.0000    0.9859
-------------------------------------------------------
Processing Results: water_15_screen_64_9404
        1143        1475
results =
  1.0e+003 *
    1.2010    1.1430    1.4110    1.4500
    1.4100    1.2000    1.4490    1.4720
    0.0020    0.0020    0.0020    0.0070
    0.0010    0.0010    0.0010    0.0007
-------------------------------------------------------
Processing Results: water_16_screen_66_9404
        2050        2316
results =
  1.0e+003 *
    2.1160    2.0500
    2.3160    2.1150
    0.0020    0.0010
    0.0010    0.0007
-------------------------------------------------------
Processing Results: water_17_9404
        2812        2988
results =
  1.0e+003 *
    2.8120    2.9880
    2.9870    2.9880
    0.0020    0.0010
    0.0010    0.0002
-------------------------------------------------------
Processing Results: water_18_screen_68_9404
        1542        1785
results =
  1.0e+003 *
    1.5460    1.7580    1.5420
    1.7570    1.7850    1.5450
    0.0010    0.0020    0.0020
    0.0010    0.0010    0.0002
-------------------------------------------------------
Processing Results: water_19_screen_69_9404
        2284        2389
results =
  1.0e+003 *
    2.2840    2.3890
    2.3880    2.3890
    0.0020    0.0020
    0.0010    0.0002
-------------------------------------------------------
Processing Results: water_1_8145
   455   526
results =
  456.0000  455.0000
  526.0000  455.0000
    2.0000    5.0000
    0.9995    0.1702
-------------------------------------------------------
Processing Results: water_2_8145
   527   629
results =
  527.0000  621.0000  614.0000
  613.0000  629.0000  620.0000
    2.0000    2.0000    6.0000
    1.0000    0.4917    0.3503
-------------------------------------------------------
Processing Results: water_4_8145
   330   376   505
results =
  330.0000  437.0000  500.0000  505.0000
  432.0000  499.0000  504.0000  505.0000
    2.0000    7.0000    5.0000    6.0000
    1.0000    0.8396    0.4094    0.2145
-------------------------------------------------------
Processing Results: water_6_waterstream_5_8145
   322   410   482
results =
  425.0000  377.0000  352.0000  345.0000
  482.0000  424.0000  376.0000  351.0000
    6.0000    2.0000    1.0000    5.0000
    1.0000    0.9997    0.9403    0.6264
-------------------------------------------------------
Processing Results: water_9_screen_48_trash_9_9404
        2947        3088        3251        3254
results =
  1.0e+003 *
    2.9470    3.2240    3.1880    3.2050    3.2160    3.1840    3.2520    3.2030
    3.1830    3.2510    3.2020    3.2150    3.2230    3.1870    3.2540    3.2040
    0.0030    0.0050    0.0060    0.0040    0.0020    0.0020    0.0020    0.0070
    0.0010    0.0009    0.0008    0.0006    0.0003    0.0005    0.0003    0.0003
-------------------------------------------------------
Missing Results: waterstream_10_water_14_phone_23_screen_62_9404
-------------------------------------------------------
Processing Results: waterstream_11_9404
        2327        2613
results =
  1.0e+003 *
    2.4640    2.3480    2.5750    2.3290    2.4470    2.3270
    2.5740    2.4460    2.6130    2.3470    2.4630    2.3280
    0.0010    0.0010    0.0010    0.0020    0.0010    0.0010
    0.0010    0.0010    0.0010    0.0007    0.0009    0.0002
-------------------------------------------------------
Missing Results: waterstream_12_water_20_screen_70_9404
-------------------------------------------------------
Processing Results: waterstream_1_8145
   343   432
results =
  356.0000  347.0000  343.0000
  432.0000  355.0000  346.0000
    7.0000    1.0000    5.0000
    0.8440    0.7351    0.3101
-------------------------------------------------------
Processing Results: waterstream_2_water_3_8145
   242   332   376
results =
  300.0000  275.0000  263.0000
  376.0000  299.0000  274.0000
    2.0000    1.0000    5.0000
    1.0000    0.9642    0.8858
-------------------------------------------------------
Processing Results: waterstream_3_water_5_8145
   415   515   593
results =
  530.0000  429.0000  452.0000  442.0000  587.0000  525.0000  520.0000  512.0000  451.0000
  586.0000  441.0000  461.0000  450.0000  593.0000  529.0000  523.0000  513.0000  451.0000
    6.0000    5.0000    1.0000    2.0000    1.0000    1.0000    5.0000    3.0000    1.0000
    1.0000    0.8938    0.5677    0.7471    0.5196    0.2941    0.1725    0.1628    0.1877
-------------------------------------------------------
Processing Results: waterstream_4_8145
        1154        1250
results =
  1.0e+003 *
    1.1540    1.2470
    1.2460    1.2500
    0.0070    0.0060
    0.0008    0.0004
-------------------------------------------------------
Missing Results: waterstream_6_water_7_phone_17_screen_43_9404
-------------------------------------------------------
Processing Results: waterstream_7_9404
        3330        3508
results =
  1.0e+003 *
    3.4050    3.3460    3.3300    3.4950    3.3940
    3.4940    3.3930    3.3450    3.5080    3.4040
    0.0010    0.0020    0.0030    0.0050    0.0060
    0.0010    0.0010    0.0009    0.0008    0.0007
-------------------------------------------------------
Processing Results: waterstream_8_screen_55_9404
        1692        1922        2017
results =
  1.0e+003 *
    1.8040    1.7100    1.9530    1.9860    1.6920    2.0110    1.7090
    1.9520    1.8030    1.9850    2.0100    1.7080    2.0170    1.7090
    0.0050    0.0020    0.0020    0.0010    0.0070    0.0070    0.0010
    0.0010    0.0010    0.0010    0.0007    0.0005    0.0005    0.0002
-------------------------------------------------------
Missing Results: waterstream_9_water_13_phone_22_screen_60_9404