door_10_phone_14_light_1_screen_29_9406
3
441 445 0.989013
330 344 0.989013
460 474 0.886373
door_11_9406
0
door_12_light_2_9406
3
193 207 0.989013
272 276 0.916574
189 193 0.748917
door_13_light_3_9406
1
326 335 0.983395
door_15_9406
0
door_1_8145
3
336 340 0.758694
299 303 0.687581
318 327 0.660031
door_2_8145
3
1165 1169 0.923728
1216 1225 0.748301
1169 1173 0.746449
door_4_trash_1_8145
3
1416 1420 0.570277
1397 1401 0.555037
1341 1345 0.527015
door_5_8145
3
1927 1931 0.989013
1931 1935 0.989013
1919 1923 0.989013
door_6_8145
3
1314 1318 0.767192
1310 1314 0.650195
1254 1258 0.528675
door_7_8145
3
1485 1499 0.942243
1466 1470 0.899062
1504 1518 0.891198
door_8_doorlock_3_8145
3
686 700 0.718521
682 686 0.707105
543 547 0.595888
door_9_8145
3
783 787 0.989013
787 796 0.989013
779 783 0.794820
doorlock_1_door_3_8145
1
872 876 0.970079
doorlock_2_8145
1
1573 1577 0.989013
light_10_9404
1
2503 2517 0.989013
light_5_9406
0
light_6_9404
1
255 259 0.989013
light_7_9404
0
light_8_screen_50_9404
0
light_9_screen_57_9404
1
2348 2352 0.989013
phone_13_screen_27_lounge
1
2781 2785 0.989013
phone_16_9406
0
phone_1_8145
1
894 898 0.989013
phone_20_screen_53_9404
0
phone_24_screen_65_9404
1
1913 1917 0.989013
phone_25_screen_67_9404
1
1529 1533 0.893979
phone_2_8145
1
1573 1577 0.989013
phone_3_8145
0
phone_4_8145
1
1816 1820 0.989013
screen_10_lounge
0
screen_12_lounge
0
screen_13_lounge
1
4136 4150 0.945139
screen_14_phone_8_lounge
1
4589 4593 0.983380
screen_15_lounge
1
347 351 0.989013
screen_16_phone_9_lounge
0
screen_17_trash_5_lounge
1
2731 2735 0.989013
screen_18_lounge
0
screen_19_lounge
1
364 368 0.989013
screen_1_lounge
1
1012 1016 0.913462
screen_20_lounge
0
screen_21_phone_10_lounge
1
2129 2133 0.989013
screen_23_lounge
0
screen_24_lounge
1
297 301 0.989013
screen_25_lounge
0
screen_26_phone_12_lounge
0
screen_28_9406
0
screen_2_lounge
1
1290 1304 0.924332
screen_30_9406
0
screen_31_9406
0
screen_32_9406
0
screen_33_9406
0
screen_34_phone_15_9406
1
2835 2839 0.961680
screen_35_9406
1
392 396 0.989013
screen_36_9406
0
screen_37_door_14_light_4_9406
1
96 100 0.989013
screen_38_9406
1
337 341 0.989013
screen_39_9406
0
screen_3_phone_5_lounge
0
screen_40_9406
0
screen_41_9406
0
screen_42_9404
1
346 350 0.989013
screen_44_9404
0
screen_45_trash_8_9404
1
1600 1604 0.989013
screen_46_9404
0
screen_47_water_8_phone_18_9404
0
screen_49_9404
1
3983 3987 0.989013
screen_4_phone_6_lounge
0
screen_51_9404
0
screen_58_9404
1
199 203 0.989013
screen_5_lounge
0
screen_61_9404
0
screen_63_9404
1
386 390 0.989013
screen_6_lounge
0
screen_7_lounge
0
screen_8_lounge
0
screen_9_phone_7_lounge
0
trash_10_phone_19_9404
1
3983 3987 0.989013
trash_11_screen_56_9404
0
trash_2_8145
1
1882 1886 0.989013
trash_3_lounge
1
4560 4564 0.989013
trash_4_screen_11_lounge
0
trash_6_phone_11_screen_22_lounge
1
2676 2680 0.989013
trash_7_9406
0
water_10_screen_52_9404
0
water_11_screen_54_9404
0
water_12_phone_21_screen_59_9404
0
water_15_screen_64_9404
1
1448 1452 0.979929
water_16_screen_66_9404
1
2308 2312 0.789085
water_17_9404
0
water_18_screen_68_9404
0
water_19_screen_69_9404
0
water_1_8145
1
462 466 0.989013
water_2_8145
0
water_4_8145
1
376 380 0.989013
water_6_waterstream_5_8145
1
396 400 0.989013
water_9_screen_48_trash_9_9404
1
3186 3190 0.989013
waterstream_10_water_14_phone_23_screen_62_9404
0
waterstream_11_9404
1
2606 2610 0.989013
waterstream_12_water_20_screen_70_9404
0
waterstream_1_8145
1
352 356 0.989013
waterstream_2_water_3_8145
1
262 271 0.970642
waterstream_3_water_5_8145
1
439 453 0.905785
waterstream_4_8145
1
1179 1183 0.853204
waterstream_6_water_7_phone_17_screen_43_9404
1
1118 1122 0.989013
waterstream_7_9404
1
3377 3381 0.989013
waterstream_8_screen_55_9404
1
1814 1828 0.989013
waterstream_9_water_13_phone_22_screen_60_9404
0
